0 1 1 0
0 0 


1 2 1 0
0 0 0 1 
0 1 
0 2 
2 3 1 0
0 0 0 1 0 2 
0 1 1 2 
0 3 1 2 
3 4 1 0
0 0 0 1 0 2 0 3 
0 1 1 2 2 3 
0 4 1 3 2 2 
4 5 1 0
0 0 0 1 0 2 0 3 0 4 
0 1 1 2 2 3 3 4 
0 5 1 4 2 3 3 2 
5 6 1 0
0 0 0 1 0 2 0 3 0 4 0 5 
0 1 1 2 2 3 3 4 4 5 
0 6 1 5 2 4 3 3 4 2 
6 7 1 0
0 0 0 1 0 2 0 3 0 4 0 5 0 6 
0 1 1 2 2 3 3 4 4 5 5 6 
0 7 1 6 2 5 3 4 4 3 5 2 
7 8 1 0
0 0 0 1 0 2 0 3 0 4 0 5 0 6 0 7 
0 1 1 2 2 3 3 4 4 5 5 6 6 7 
0 8 1 7 2 6 3 5 4 4 5 3 6 2 
8 9 1 0
0 0 0 1 0 2 0 3 0 4 0 5 0 6 0 7 0 8 
0 1 1 2 2 3 3 4 4 5 5 6 6 7 7 8 
0 9 1 8 2 7 3 6 4 5 5 4 6 3 7 2 
9 10 1 0
0 0 0 1 0 2 0 3 0 4 0 5 0 6 0 7 0 8 0 9 
0 1 1 2 2 3 3 4 4 5 5 6 6 7 7 8 8 9 
0 10 1 9 2 8 3 7 4 6 5 5 6 4 7 3 8 2 
10 11 1 0
0 0 0 1 0 2 0 3 0 4 0 5 0 6 0 7 0 8 0 9 0 10 
0 1 1 2 2 3 3 4 4 5 5 6 6 7 7 8 8 9 9 10 
0 11 1 10 2 9 3 8 4 7 5 6 6 5 7 4 8 3 9 2 
11 12 1 0
0 0 0 1 0 2 0 3 0 4 0 5 0 6 0 7 0 8 0 9 0 10 0 11 
0 1 1 2 2 3 3 4 4 5 5 6 6 7 7 8 8 9 9 10 10 11 
0 12 1 11 2 10 3 9 4 8 5 7 6 6 7 5 8 4 9 3 10 2 
12 13 1 0
0 0 0 1 0 2 0 3 0 4 0 5 0 6 0 7 0 8 0 9 0 10 0 11 0 12 
0 1 1 2 2 3 3 4 4 5 5 6 6 7 7 8 8 9 9 10 10 11 11 12 
0 13 1 12 2 11 3 10 4 9 5 8 6 7 7 6 8 5 9 4 10 3 11 2 
13 14 1 0
0 0 0 1 0 2 0 3 0 4 0 5 0 6 0 7 0 8 0 9 0 10 0 11 0 12 0 13 
0 1 1 2 2 3 3 4 4 5 5 6 6 7 7 8 8 9 9 10 10 11 11 12 12 13 
0 14 1 13 2 12 3 11 4 10 5 9 6 8 7 7 8 6 9 5 10 4 11 3 12 2 
14 15 1 0
0 0 0 1 0 2 0 3 0 4 0 5 0 6 0 7 0 8 0 9 0 10 0 11 0 12 0 13 0 14 
0 1 1 2 2 3 3 4 4 5 5 6 6 7 7 8 8 9 9 10 10 11 11 12 12 13 13 14 
0 15 1 14 2 13 3 12 4 11 5 10 6 9 7 8 8 7 9 6 10 5 11 4 12 3 13 2 
15 16 1 0
0 0 0 1 0 2 0 3 0 4 0 5 0 6 0 7 0 8 0 9 0 10 0 11 0 12 0 13 0 14 0 15 
0 1 1 2 2 3 3 4 4 5 5 6 6 7 7 8 8 9 9 10 10 11 11 12 12 13 13 14 14 15 
0 16 1 15 2 14 3 13 4 12 5 11 6 10 7 9 8 8 9 7 10 6 11 5 12 4 13 3 14 2 
16 17 1 0
0 0 0 1 0 2 0 3 0 4 0 5 0 6 0 7 0 8 0 9 0 10 0 11 0 12 0 13 0 14 0 15 0 16 
0 1 1 2 2 3 3 4 4 5 5 6 6 7 7 8 8 9 9 10 10 11 11 12 12 13 13 14 14 15 15 16 
0 17 1 16 2 15 3 14 4 13 5 12 6 11 7 10 8 9 9 8 10 7 11 6 12 5 13 4 14 3 15 2 
17 18 1 0
0 0 0 1 0 2 0 3 0 4 0 5 0 6 0 7 0 8 0 9 0 10 0 11 0 12 0 13 0 14 0 15 0 16 0 17 
0 1 1 2 2 3 3 4 4 5 5 6 6 7 7 8 8 9 9 10 10 11 11 12 12 13 13 14 14 15 15 16 16 17 
0 18 1 17 2 16 3 15 4 14 5 13 6 12 7 11 8 10 9 9 10 8 11 7 12 6 13 5 14 4 15 3 16 2 
18 19 1 0
0 0 0 1 0 2 0 3 0 4 0 5 0 6 0 7 0 8 0 9 0 10 0 11 0 12 0 13 0 14 0 15 0 16 0 17 0 18 
0 1 1 2 2 3 3 4 4 5 5 6 6 7 7 8 8 9 9 10 10 11 11 12 12 13 13 14 14 15 15 16 16 17 17 18 
0 19 1 18 2 17 3 16 4 15 5 14 6 13 7 12 8 11 9 10 10 9 11 8 12 7 13 6 14 5 15 4 16 3 17 2 
19 20 1 0
0 0 0 1 0 2 0 3 0 4 0 5 0 6 0 7 0 8 0 9 0 10 0 11 0 12 0 13 0 14 0 15 0 16 0 17 0 18 0 19 
0 1 1 2 2 3 3 4 4 5 5 6 6 7 7 8 8 9 9 10 10 11 11 12 12 13 13 14 14 15 15 16 16 17 17 18 18 19 
0 20 1 19 2 18 3 17 4 16 5 15 6 14 7 13 8 12 9 11 10 10 11 9 12 8 13 7 14 6 15 5 16 4 17 3 18 2 
20 21 1 0
0 0 0 1 0 2 0 3 0 4 0 5 0 6 0 7 0 8 0 9 0 10 0 11 0 12 0 13 0 14 0 15 0 16 0 17 0 18 0 19 0 20 
0 1 1 2 2 3 3 4 4 5 5 6 6 7 7 8 8 9 9 10 10 11 11 12 12 13 13 14 14 15 15 16 16 17 17 18 18 19 19 20 
0 21 1 20 2 19 3 18 4 17 5 16 6 15 7 14 8 13 9 12 10 11 11 10 12 9 13 8 14 7 15 6 16 5 17 4 18 3 19 2 
21 22 1 0
0 0 0 1 0 2 0 3 0 4 0 5 0 6 0 7 0 8 0 9 0 10 0 11 0 12 0 13 0 14 0 15 0 16 0 17 0 18 0 19 0 20 0 21 
0 1 1 2 2 3 3 4 4 5 5 6 6 7 7 8 8 9 9 10 10 11 11 12 12 13 13 14 14 15 15 16 16 17 17 18 18 19 19 20 20 21 
0 22 1 21 2 20 3 19 4 18 5 17 6 16 7 15 8 14 9 13 10 12 11 11 12 10 13 9 14 8 15 7 16 6 17 5 18 4 19 3 20 2 
22 23 1 0
0 0 0 1 0 2 0 3 0 4 0 5 0 6 0 7 0 8 0 9 0 10 0 11 0 12 0 13 0 14 0 15 0 16 0 17 0 18 0 19 0 20 0 21 0 22 
0 1 1 2 2 3 3 4 4 5 5 6 6 7 7 8 8 9 9 10 10 11 11 12 12 13 13 14 14 15 15 16 16 17 17 18 18 19 19 20 20 21 21 22 
0 23 1 22 2 21 3 20 4 19 5 18 6 17 7 16 8 15 9 14 10 13 11 12 12 11 13 10 14 9 15 8 16 7 17 6 18 5 19 4 20 3 21 2 
23 24 1 0
0 0 0 1 0 2 0 3 0 4 0 5 0 6 0 7 0 8 0 9 0 10 0 11 0 12 0 13 0 14 0 15 0 16 0 17 0 18 0 19 0 20 0 21 0 22 0 23 
0 1 1 2 2 3 3 4 4 5 5 6 6 7 7 8 8 9 9 10 10 11 11 12 12 13 13 14 14 15 15 16 16 17 17 18 18 19 19 20 20 21 21 22 22 23 
0 24 1 23 2 22 3 21 4 20 5 19 6 18 7 17 8 16 9 15 10 14 11 13 12 12 13 11 14 10 15 9 16 8 17 7 18 6 19 5 20 4 21 3 22 2 
24 25 1 0
0 0 0 1 0 2 0 3 0 4 0 5 0 6 0 7 0 8 0 9 0 10 0 11 0 12 0 13 0 14 0 15 0 16 0 17 0 18 0 19 0 20 0 21 0 22 0 23 0 24 
0 1 1 2 2 3 3 4 4 5 5 6 6 7 7 8 8 9 9 10 10 11 11 12 12 13 13 14 14 15 15 16 16 17 17 18 18 19 19 20 20 21 21 22 22 23 23 24 
0 25 1 24 2 23 3 22 4 21 5 20 6 19 7 18 8 17 9 16 10 15 11 14 12 13 13 12 14 11 15 10 16 9 17 8 18 7 19 6 20 5 21 4 22 3 23 2 
25 26 1 0
0 0 0 1 0 2 0 3 0 4 0 5 0 6 0 7 0 8 0 9 0 10 0 11 0 12 0 13 0 14 0 15 0 16 0 17 0 18 0 19 0 20 0 21 0 22 0 23 0 24 0 25 
0 1 1 2 2 3 3 4 4 5 5 6 6 7 7 8 8 9 9 10 10 11 11 12 12 13 13 14 14 15 15 16 16 17 17 18 18 19 19 20 20 21 21 22 22 23 23 24 24 25 
0 26 1 25 2 24 3 23 4 22 5 21 6 20 7 19 8 18 9 17 10 16 11 15 12 14 13 13 14 12 15 11 16 10 17 9 18 8 19 7 20 6 21 5 22 4 23 3 24 2 
26 27 1 0
0 0 0 1 0 2 0 3 0 4 0 5 0 6 0 7 0 8 0 9 0 10 0 11 0 12 0 13 0 14 0 15 0 16 0 17 0 18 0 19 0 20 0 21 0 22 0 23 0 24 0 25 0 26 
0 1 1 2 2 3 3 4 4 5 5 6 6 7 7 8 8 9 9 10 10 11 11 12 12 13 13 14 14 15 15 16 16 17 17 18 18 19 19 20 20 21 21 22 22 23 23 24 24 25 25 26 
0 27 1 26 2 25 3 24 4 23 5 22 6 21 7 20 8 19 9 18 10 17 11 16 12 15 13 14 14 13 15 12 16 11 17 10 18 9 19 8 20 7 21 6 22 5 23 4 24 3 25 2 
27 28 1 0
0 0 0 1 0 2 0 3 0 4 0 5 0 6 0 7 0 8 0 9 0 10 0 11 0 12 0 13 0 14 0 15 0 16 0 17 0 18 0 19 0 20 0 21 0 22 0 23 0 24 0 25 0 26 0 27 
0 1 1 2 2 3 3 4 4 5 5 6 6 7 7 8 8 9 9 10 10 11 11 12 12 13 13 14 14 15 15 16 16 17 17 18 18 19 19 20 20 21 21 22 22 23 23 24 24 25 25 26 26 27 
0 28 1 27 2 26 3 25 4 24 5 23 6 22 7 21 8 20 9 19 10 18 11 17 12 16 13 15 14 14 15 13 16 12 17 11 18 10 19 9 20 8 21 7 22 6 23 5 24 4 25 3 26 2 
28 29 1 0
0 0 0 1 0 2 0 3 0 4 0 5 0 6 0 7 0 8 0 9 0 10 0 11 0 12 0 13 0 14 0 15 0 16 0 17 0 18 0 19 0 20 0 21 0 22 0 23 0 24 0 25 0 26 0 27 0 28 
0 1 1 2 2 3 3 4 4 5 5 6 6 7 7 8 8 9 9 10 10 11 11 12 12 13 13 14 14 15 15 16 16 17 17 18 18 19 19 20 20 21 21 22 22 23 23 24 24 25 25 26 26 27 27 28 
0 29 1 28 2 27 3 26 4 25 5 24 6 23 7 22 8 21 9 20 10 19 11 18 12 17 13 16 14 15 15 14 16 13 17 12 18 11 19 10 20 9 21 8 22 7 23 6 24 5 25 4 26 3 27 2 
29 30 1 0
0 0 0 1 0 2 0 3 0 4 0 5 0 6 0 7 0 8 0 9 0 10 0 11 0 12 0 13 0 14 0 15 0 16 0 17 0 18 0 19 0 20 0 21 0 22 0 23 0 24 0 25 0 26 0 27 0 28 0 29 
0 1 1 2 2 3 3 4 4 5 5 6 6 7 7 8 8 9 9 10 10 11 11 12 12 13 13 14 14 15 15 16 16 17 17 18 18 19 19 20 20 21 21 22 22 23 23 24 24 25 25 26 26 27 27 28 28 29 
0 30 1 29 2 28 3 27 4 26 5 25 6 24 7 23 8 22 9 21 10 20 11 19 12 18 13 17 14 16 15 15 16 14 17 13 18 12 19 11 20 10 21 9 22 8 23 7 24 6 25 5 26 4 27 3 28 2 
30 2 1 0
0 0 1 0 
0 1 
0 2 
31 4 1 0
0 0 0 1 1 0 1 1 
0 1 0 2 1 3 2 3 
0 4 1 2 30 2 
32 6 1 0
0 0 0 1 0 2 1 0 1 1 1 2 
0 1 0 3 1 2 1 4 2 5 3 4 4 5 
0 6 1 4 2 2 30 3 31 2 
33 8 1 0
0 0 0 1 0 2 0 3 1 0 1 1 1 2 1 3 
0 1 0 4 1 2 1 5 2 3 2 6 3 7 4 5 5 6 6 7 
0 8 1 6 2 4 3 2 30 4 31 3 32 2 
34 10 1 0
0 0 0 1 0 2 0 3 0 4 1 0 1 1 1 2 1 3 1 4 
0 1 0 5 1 2 1 6 2 3 2 7 3 4 3 8 4 9 5 6 6 7 7 8 8 9 
0 10 1 8 2 6 3 4 4 2 30 5 31 4 32 3 33 2 
35 12 1 0
0 0 0 1 0 2 0 3 0 4 0 5 1 0 1 1 1 2 1 3 1 4 1 5 
0 1 0 6 1 2 1 7 2 3 2 8 3 4 3 9 4 5 4 10 5 11 6 7 7 8 8 9 9 10 10 11 
0 12 1 10 2 8 3 6 4 4 5 2 30 6 31 5 32 4 33 3 34 2 
36 14 1 0
0 0 0 1 0 2 0 3 0 4 0 5 0 6 1 0 1 1 1 2 1 3 1 4 1 5 1 6 
0 1 0 7 1 2 1 8 2 3 2 9 3 4 3 10 4 5 4 11 5 6 5 12 6 13 7 8 8 9 9 10 10 11 11 12 12 13 
0 14 1 12 2 10 3 8 4 6 5 4 6 2 30 7 31 6 32 5 33 4 34 3 35 2 
37 16 1 0
0 0 0 1 0 2 0 3 0 4 0 5 0 6 0 7 1 0 1 1 1 2 1 3 1 4 1 5 1 6 1 7 
0 1 0 8 1 2 1 9 2 3 2 10 3 4 3 11 4 5 4 12 5 6 5 13 6 7 6 14 7 15 8 9 9 10 10 11 11 12 12 13 13 14 14 15 
0 16 1 14 2 12 3 10 4 8 5 6 6 4 7 2 30 8 31 7 32 6 33 5 34 4 35 3 36 2 
38 18 1 0
0 0 0 1 0 2 0 3 0 4 0 5 0 6 0 7 0 8 1 0 1 1 1 2 1 3 1 4 1 5 1 6 1 7 1 8 
0 1 0 9 1 2 1 10 2 3 2 11 3 4 3 12 4 5 4 13 5 6 5 14 6 7 6 15 7 8 7 16 8 17 9 10 10 11 11 12 12 13 13 14 14 15 15 16 16 17 
0 18 1 16 2 14 3 12 4 10 5 8 6 6 7 4 8 2 30 9 31 8 32 7 33 6 34 5 35 4 36 3 37 2 
39 20 1 0
0 0 0 1 0 2 0 3 0 4 0 5 0 6 0 7 0 8 0 9 1 0 1 1 1 2 1 3 1 4 1 5 1 6 1 7 1 8 1 9 
0 1 0 10 1 2 1 11 2 3 2 12 3 4 3 13 4 5 4 14 5 6 5 15 6 7 6 16 7 8 7 17 8 9 8 18 9 19 10 11 11 12 12 13 13 14 14 15 15 16 16 17 17 18 18 19 
0 20 1 18 2 16 3 14 4 12 5 10 6 8 7 6 8 4 9 2 30 10 31 9 32 8 33 7 34 6 35 5 36 4 37 3 38 2 
40 22 1 0
0 0 0 1 0 2 0 3 0 4 0 5 0 6 0 7 0 8 0 9 0 10 1 0 1 1 1 2 1 3 1 4 1 5 1 6 1 7 1 8 1 9 1 10 
0 1 0 11 1 2 1 12 2 3 2 13 3 4 3 14 4 5 4 15 5 6 5 16 6 7 6 17 7 8 7 18 8 9 8 19 9 10 9 20 10 21 11 12 12 13 13 14 14 15 15 16 16 17 17 18 18 19 19 20 20 21 
0 22 1 20 2 18 3 16 4 14 5 12 6 10 7 8 8 6 9 4 10 2 30 11 31 10 32 9 33 8 34 7 35 6 36 5 37 4 38 3 39 2 
41 24 1 0
0 0 0 1 0 2 0 3 0 4 0 5 0 6 0 7 0 8 0 9 0 10 0 11 1 0 1 1 1 2 1 3 1 4 1 5 1 6 1 7 1 8 1 9 1 10 1 11 
0 1 0 12 1 2 1 13 2 3 2 14 3 4 3 15 4 5 4 16 5 6 5 17 6 7 6 18 7 8 7 19 8 9 8 20 9 10 9 21 10 11 10 22 11 23 12 13 13 14 14 15 15 16 16 17 17 18 18 19 19 20 20 21 21 22 22 23 
0 24 1 22 2 20 3 18 4 16 5 14 6 12 7 10 8 8 9 6 10 4 11 2 30 12 31 11 32 10 33 9 34 8 35 7 36 6 37 5 38 4 39 3 40 2 
42 26 1 0
0 0 0 1 0 2 0 3 0 4 0 5 0 6 0 7 0 8 0 9 0 10 0 11 0 12 1 0 1 1 1 2 1 3 1 4 1 5 1 6 1 7 1 8 1 9 1 10 1 11 1 12 
0 1 0 13 1 2 1 14 2 3 2 15 3 4 3 16 4 5 4 17 5 6 5 18 6 7 6 19 7 8 7 20 8 9 8 21 9 10 9 22 10 11 10 23 11 12 11 24 12 25 13 14 14 15 15 16 16 17 17 18 18 19 19 20 20 21 21 22 22 23 23 24 24 25 
0 26 1 24 2 22 3 20 4 18 5 16 6 14 7 12 8 10 9 8 10 6 11 4 12 2 30 13 31 12 32 11 33 10 34 9 35 8 36 7 37 6 38 5 39 4 40 3 41 2 
43 28 1 0
0 0 0 1 0 2 0 3 0 4 0 5 0 6 0 7 0 8 0 9 0 10 0 11 0 12 0 13 1 0 1 1 1 2 1 3 1 4 1 5 1 6 1 7 1 8 1 9 1 10 1 11 1 12 1 13 
0 1 0 14 1 2 1 15 2 3 2 16 3 4 3 17 4 5 4 18 5 6 5 19 6 7 6 20 7 8 7 21 8 9 8 22 9 10 9 23 10 11 10 24 11 12 11 25 12 13 12 26 13 27 14 15 15 16 16 17 17 18 18 19 19 20 20 21 21 22 22 23 23 24 24 25 25 26 26 27 
0 28 1 26 2 24 3 22 4 20 5 18 6 16 7 14 8 12 9 10 10 8 11 6 12 4 13 2 30 14 31 13 32 12 33 11 34 10 35 9 36 8 37 7 38 6 39 5 40 4 41 3 42 2 
44 30 1 0
0 0 0 1 0 2 0 3 0 4 0 5 0 6 0 7 0 8 0 9 0 10 0 11 0 12 0 13 0 14 1 0 1 1 1 2 1 3 1 4 1 5 1 6 1 7 1 8 1 9 1 10 1 11 1 12 1 13 1 14 
0 1 0 15 1 2 1 16 2 3 2 17 3 4 3 18 4 5 4 19 5 6 5 20 6 7 6 21 7 8 7 22 8 9 8 23 9 10 9 24 10 11 10 25 11 12 11 26 12 13 12 27 13 14 13 28 14 29 15 16 16 17 17 18 18 19 19 20 20 21 21 22 22 23 23 24 24 25 25 26 26 27 27 28 28 29 
0 30 1 28 2 26 3 24 4 22 5 20 6 18 7 16 8 14 9 12 10 10 11 8 12 6 13 4 14 2 30 15 31 14 32 13 33 12 34 11 35 10 36 9 37 8 38 7 39 6 40 5 41 4 42 3 43 2 
45 3 1 0
0 0 1 0 2 0 
0 1 1 2 
0 3 30 2 
46 6 1 0
0 0 0 1 1 0 1 1 2 0 2 1 
0 1 0 2 1 3 2 3 2 4 3 5 4 5 
0 6 1 3 30 4 31 2 45 2 
47 9 1 0
0 0 0 1 0 2 1 0 1 1 1 2 2 0 2 1 2 2 
0 1 0 3 1 2 1 4 2 5 3 4 3 6 4 5 4 7 5 8 6 7 7 8 
0 9 1 6 2 3 30 6 31 4 32 2 45 3 46 2 
48 12 1 0
0 0 0 1 0 2 0 3 1 0 1 1 1 2 1 3 2 0 2 1 2 2 2 3 
0 1 0 4 1 2 1 5 2 3 2 6 3 7 4 5 4 8 5 6 5 9 6 7 6 10 7 11 8 9 9 10 10 11 
0 12 1 9 2 6 3 3 30 8 31 6 32 4 33 2 45 4 46 3 47 2 
49 15 1 0
0 0 0 1 0 2 0 3 0 4 1 0 1 1 1 2 1 3 1 4 2 0 2 1 2 2 2 3 2 4 
0 1 0 5 1 2 1 6 2 3 2 7 3 4 3 8 4 9 5 6 5 10 6 7 6 11 7 8 7 12 8 9 8 13 9 14 10 11 11 12 12 13 13 14 
0 15 1 12 2 9 3 6 4 3 30 10 31 8 32 6 33 4 34 2 45 5 46 4 47 3 48 2 
50 18 1 0
0 0 0 1 0 2 0 3 0 4 0 5 1 0 1 1 1 2 1 3 1 4 1 5 2 0 2 1 2 2 2 3 2 4 2 5 
0 1 0 6 1 2 1 7 2 3 2 8 3 4 3 9 4 5 4 10 5 11 6 7 6 12 7 8 7 13 8 9 8 14 9 10 9 15 10 11 10 16 11 17 12 13 13 14 14 15 15 16 16 17 
0 18 1 15 2 12 3 9 4 6 5 3 30 12 31 10 32 8 33 6 34 4 35 2 45 6 46 5 47 4 48 3 49 2 
51 21 1 0
0 0 0 1 0 2 0 3 0 4 0 5 0 6 1 0 1 1 1 2 1 3 1 4 1 5 1 6 2 0 2 1 2 2 2 3 2 4 2 5 2 6 
0 1 0 7 1 2 1 8 2 3 2 9 3 4 3 10 4 5 4 11 5 6 5 12 6 13 7 8 7 14 8 9 8 15 9 10 9 16 10 11 10 17 11 12 11 18 12 13 12 19 13 20 14 15 15 16 16 17 17 18 18 19 19 20 
0 21 1 18 2 15 3 12 4 9 5 6 6 3 30 14 31 12 32 10 33 8 34 6 35 4 36 2 45 7 46 6 47 5 48 4 49 3 50 2 
52 24 1 0
0 0 0 1 0 2 0 3 0 4 0 5 0 6 0 7 1 0 1 1 1 2 1 3 1 4 1 5 1 6 1 7 2 0 2 1 2 2 2 3 2 4 2 5 2 6 2 7 
0 1 0 8 1 2 1 9 2 3 2 10 3 4 3 11 4 5 4 12 5 6 5 13 6 7 6 14 7 15 8 9 8 16 9 10 9 17 10 11 10 18 11 12 11 19 12 13 12 20 13 14 13 21 14 15 14 22 15 23 16 17 17 18 18 19 19 20 20 21 21 22 22 23 
0 24 1 21 2 18 3 15 4 12 5 9 6 6 7 3 30 16 31 14 32 12 33 10 34 8 35 6 36 4 37 2 45 8 46 7 47 6 48 5 49 4 50 3 51 2 
53 27 1 0
0 0 0 1 0 2 0 3 0 4 0 5 0 6 0 7 0 8 1 0 1 1 1 2 1 3 1 4 1 5 1 6 1 7 1 8 2 0 2 1 2 2 2 3 2 4 2 5 2 6 2 7 2 8 
0 1 0 9 1 2 1 10 2 3 2 11 3 4 3 12 4 5 4 13 5 6 5 14 6 7 6 15 7 8 7 16 8 17 9 10 9 18 10 11 10 19 11 12 11 20 12 13 12 21 13 14 13 22 14 15 14 23 15 16 15 24 16 17 16 25 17 26 18 19 19 20 20 21 21 22 22 23 23 24 24 25 25 26 
0 27 1 24 2 21 3 18 4 15 5 12 6 9 7 6 8 3 30 18 31 16 32 14 33 12 34 10 35 8 36 6 37 4 38 2 45 9 46 8 47 7 48 6 49 5 50 4 51 3 52 2 
54 30 1 0
0 0 0 1 0 2 0 3 0 4 0 5 0 6 0 7 0 8 0 9 1 0 1 1 1 2 1 3 1 4 1 5 1 6 1 7 1 8 1 9 2 0 2 1 2 2 2 3 2 4 2 5 2 6 2 7 2 8 2 9 
0 1 0 10 1 2 1 11 2 3 2 12 3 4 3 13 4 5 4 14 5 6 5 15 6 7 6 16 7 8 7 17 8 9 8 18 9 19 10 11 10 20 11 12 11 21 12 13 12 22 13 14 13 23 14 15 14 24 15 16 15 25 16 17 16 26 17 18 17 27 18 19 18 28 19 29 20 21 21 22 22 23 23 24 24 25 25 26 26 27 27 28 28 29 
0 30 1 27 2 24 3 21 4 18 5 15 6 12 7 9 8 6 9 3 30 20 31 18 32 16 33 14 34 12 35 10 36 8 37 6 38 4 39 2 45 10 46 9 47 8 48 7 49 6 50 5 51 4 52 3 53 2 
55 4 1 0
0 0 1 0 2 0 3 0 
0 1 1 2 2 3 
0 4 30 3 45 2 
56 8 1 0
0 0 0 1 1 0 1 1 2 0 2 1 3 0 3 1 
0 1 0 2 1 3 2 3 2 4 3 5 4 5 4 6 5 7 6 7 
0 8 1 4 30 6 31 3 45 4 46 2 55 2 
57 12 1 0
0 0 0 1 0 2 1 0 1 1 1 2 2 0 2 1 2 2 3 0 3 1 3 2 
0 1 0 3 1 2 1 4 2 5 3 4 3 6 4 5 4 7 5 8 6 7 6 9 7 8 7 10 8 11 9 10 10 11 
0 12 1 8 2 4 30 9 31 6 32 3 45 6 46 4 47 2 55 3 56 2 
58 16 1 0
0 0 0 1 0 2 0 3 1 0 1 1 1 2 1 3 2 0 2 1 2 2 2 3 3 0 3 1 3 2 3 3 
0 1 0 4 1 2 1 5 2 3 2 6 3 7 4 5 4 8 5 6 5 9 6 7 6 10 7 11 8 9 8 12 9 10 9 13 10 11 10 14 11 15 12 13 13 14 14 15 
0 16 1 12 2 8 3 4 30 12 31 9 32 6 33 3 45 8 46 6 47 4 48 2 55 4 56 3 57 2 
59 20 1 0
0 0 0 1 0 2 0 3 0 4 1 0 1 1 1 2 1 3 1 4 2 0 2 1 2 2 2 3 2 4 3 0 3 1 3 2 3 3 3 4 
0 1 0 5 1 2 1 6 2 3 2 7 3 4 3 8 4 9 5 6 5 10 6 7 6 11 7 8 7 12 8 9 8 13 9 14 10 11 10 15 11 12 11 16 12 13 12 17 13 14 13 18 14 19 15 16 16 17 17 18 18 19 
0 20 1 16 2 12 3 8 4 4 30 15 31 12 32 9 33 6 34 3 45 10 46 8 47 6 48 4 49 2 55 5 56 4 57 3 58 2 
60 24 1 0
0 0 0 1 0 2 0 3 0 4 0 5 1 0 1 1 1 2 1 3 1 4 1 5 2 0 2 1 2 2 2 3 2 4 2 5 3 0 3 1 3 2 3 3 3 4 3 5 
0 1 0 6 1 2 1 7 2 3 2 8 3 4 3 9 4 5 4 10 5 11 6 7 6 12 7 8 7 13 8 9 8 14 9 10 9 15 10 11 10 16 11 17 12 13 12 18 13 14 13 19 14 15 14 20 15 16 15 21 16 17 16 22 17 23 18 19 19 20 20 21 21 22 22 23 
0 24 1 20 2 16 3 12 4 8 5 4 30 18 31 15 32 12 33 9 34 6 35 3 45 12 46 10 47 8 48 6 49 4 50 2 55 6 56 5 57 4 58 3 59 2 
61 28 1 0
0 0 0 1 0 2 0 3 0 4 0 5 0 6 1 0 1 1 1 2 1 3 1 4 1 5 1 6 2 0 2 1 2 2 2 3 2 4 2 5 2 6 3 0 3 1 3 2 3 3 3 4 3 5 3 6 
0 1 0 7 1 2 1 8 2 3 2 9 3 4 3 10 4 5 4 11 5 6 5 12 6 13 7 8 7 14 8 9 8 15 9 10 9 16 10 11 10 17 11 12 11 18 12 13 12 19 13 20 14 15 14 21 15 16 15 22 16 17 16 23 17 18 17 24 18 19 18 25 19 20 19 26 20 27 21 22 22 23 23 24 24 25 25 26 26 27 
0 28 1 24 2 20 3 16 4 12 5 8 6 4 30 21 31 18 32 15 33 12 34 9 35 6 36 3 45 14 46 12 47 10 48 8 49 6 50 4 51 2 55 7 56 6 57 5 58 4 59 3 60 2 
62 5 1 0
0 0 1 0 2 0 3 0 4 0 
0 1 1 2 2 3 3 4 
0 5 30 4 45 3 55 2 
63 10 1 0
0 0 0 1 1 0 1 1 2 0 2 1 3 0 3 1 4 0 4 1 
0 1 0 2 1 3 2 3 2 4 3 5 4 5 4 6 5 7 6 7 6 8 7 9 8 9 
0 10 1 5 30 8 31 4 45 6 46 3 55 4 56 2 62 2 
64 15 1 0
0 0 0 1 0 2 1 0 1 1 1 2 2 0 2 1 2 2 3 0 3 1 3 2 4 0 4 1 4 2 
0 1 0 3 1 2 1 4 2 5 3 4 3 6 4 5 4 7 5 8 6 7 6 9 7 8 7 10 8 11 9 10 9 12 10 11 10 13 11 14 12 13 13 14 
0 15 1 10 2 5 30 12 31 8 32 4 45 9 46 6 47 3 55 6 56 4 57 2 62 3 63 2 
65 20 1 0
0 0 0 1 0 2 0 3 1 0 1 1 1 2 1 3 2 0 2 1 2 2 2 3 3 0 3 1 3 2 3 3 4 0 4 1 4 2 4 3 
0 1 0 4 1 2 1 5 2 3 2 6 3 7 4 5 4 8 5 6 5 9 6 7 6 10 7 11 8 9 8 12 9 10 9 13 10 11 10 14 11 15 12 13 12 16 13 14 13 17 14 15 14 18 15 19 16 17 17 18 18 19 
0 20 1 15 2 10 3 5 30 16 31 12 32 8 33 4 45 12 46 9 47 6 48 3 55 8 56 6 57 4 58 2 62 4 63 3 64 2 
66 25 1 0
0 0 0 1 0 2 0 3 0 4 1 0 1 1 1 2 1 3 1 4 2 0 2 1 2 2 2 3 2 4 3 0 3 1 3 2 3 3 3 4 4 0 4 1 4 2 4 3 4 4 
0 1 0 5 1 2 1 6 2 3 2 7 3 4 3 8 4 9 5 6 5 10 6 7 6 11 7 8 7 12 8 9 8 13 9 14 10 11 10 15 11 12 11 16 12 13 12 17 13 14 13 18 14 19 15 16 15 20 16 17 16 21 17 18 17 22 18 19 18 23 19 24 20 21 21 22 22 23 23 24 
0 25 1 20 2 15 3 10 4 5 30 20 31 16 32 12 33 8 34 4 45 15 46 12 47 9 48 6 49 3 55 10 56 8 57 6 58 4 59 2 62 5 63 4 64 3 65 2 
67 30 1 0
0 0 0 1 0 2 0 3 0 4 0 5 1 0 1 1 1 2 1 3 1 4 1 5 2 0 2 1 2 2 2 3 2 4 2 5 3 0 3 1 3 2 3 3 3 4 3 5 4 0 4 1 4 2 4 3 4 4 4 5 
0 1 0 6 1 2 1 7 2 3 2 8 3 4 3 9 4 5 4 10 5 11 6 7 6 12 7 8 7 13 8 9 8 14 9 10 9 15 10 11 10 16 11 17 12 13 12 18 13 14 13 19 14 15 14 20 15 16 15 21 16 17 16 22 17 23 18 19 18 24 19 20 19 25 20 21 20 26 21 22 21 27 22 23 22 28 23 29 24 25 25 26 26 27 27 28 28 29 
0 30 1 25 2 20 3 15 4 10 5 5 30 24 31 20 32 16 33 12 34 8 35 4 45 18 46 15 47 12 48 9 49 6 50 3 55 12 56 10 57 8 58 6 59 4 60 2 62 6 63 5 64 4 65 3 66 2 
68 6 1 0
0 0 1 0 2 0 3 0 4 0 5 0 
0 1 1 2 2 3 3 4 4 5 
0 6 30 5 45 4 55 3 62 2 
69 12 1 0
0 0 0 1 1 0 1 1 2 0 2 1 3 0 3 1 4 0 4 1 5 0 5 1 
0 1 0 2 1 3 2 3 2 4 3 5 4 5 4 6 5 7 6 7 6 8 7 9 8 9 8 10 9 11 10 11 
0 12 1 6 30 10 31 5 45 8 46 4 55 6 56 3 62 4 63 2 68 2 
70 18 1 0
0 0 0 1 0 2 1 0 1 1 1 2 2 0 2 1 2 2 3 0 3 1 3 2 4 0 4 1 4 2 5 0 5 1 5 2 
0 1 0 3 1 2 1 4 2 5 3 4 3 6 4 5 4 7 5 8 6 7 6 9 7 8 7 10 8 11 9 10 9 12 10 11 10 13 11 14 12 13 12 15 13 14 13 16 14 17 15 16 16 17 
0 18 1 12 2 6 30 15 31 10 32 5 45 12 46 8 47 4 55 9 56 6 57 3 62 6 63 4 64 2 68 3 69 2 
71 24 1 0
0 0 0 1 0 2 0 3 1 0 1 1 1 2 1 3 2 0 2 1 2 2 2 3 3 0 3 1 3 2 3 3 4 0 4 1 4 2 4 3 5 0 5 1 5 2 5 3 
0 1 0 4 1 2 1 5 2 3 2 6 3 7 4 5 4 8 5 6 5 9 6 7 6 10 7 11 8 9 8 12 9 10 9 13 10 11 10 14 11 15 12 13 12 16 13 14 13 17 14 15 14 18 15 19 16 17 16 20 17 18 17 21 18 19 18 22 19 23 20 21 21 22 22 23 
0 24 1 18 2 12 3 6 30 20 31 15 32 10 33 5 45 16 46 12 47 8 48 4 55 12 56 9 57 6 58 3 62 8 63 6 64 4 65 2 68 4 69 3 70 2 
72 30 1 0
0 0 0 1 0 2 0 3 0 4 1 0 1 1 1 2 1 3 1 4 2 0 2 1 2 2 2 3 2 4 3 0 3 1 3 2 3 3 3 4 4 0 4 1 4 2 4 3 4 4 5 0 5 1 5 2 5 3 5 4 
0 1 0 5 1 2 1 6 2 3 2 7 3 4 3 8 4 9 5 6 5 10 6 7 6 11 7 8 7 12 8 9 8 13 9 14 10 11 10 15 11 12 11 16 12 13 12 17 13 14 13 18 14 19 15 16 15 20 16 17 16 21 17 18 17 22 18 19 18 23 19 24 20 21 20 25 21 22 21 26 22 23 22 27 23 24 23 28 24 29 25 26 26 27 27 28 28 29 
0 30 1 24 2 18 3 12 4 6 30 25 31 20 32 15 33 10 34 5 45 20 46 16 47 12 48 8 49 4 55 15 56 12 57 9 58 6 59 3 62 10 63 8 64 6 65 4 66 2 68 5 69 4 70 3 71 2 
73 7 1 0
0 0 1 0 2 0 3 0 4 0 5 0 6 0 
0 1 1 2 2 3 3 4 4 5 5 6 
0 7 30 6 45 5 55 4 62 3 68 2 
74 14 1 0
0 0 0 1 1 0 1 1 2 0 2 1 3 0 3 1 4 0 4 1 5 0 5 1 6 0 6 1 
0 1 0 2 1 3 2 3 2 4 3 5 4 5 4 6 5 7 6 7 6 8 7 9 8 9 8 10 9 11 10 11 10 12 11 13 12 13 
0 14 1 7 30 12 31 6 45 10 46 5 55 8 56 4 62 6 63 3 68 4 69 2 73 2 
75 21 1 0
0 0 0 1 0 2 1 0 1 1 1 2 2 0 2 1 2 2 3 0 3 1 3 2 4 0 4 1 4 2 5 0 5 1 5 2 6 0 6 1 6 2 
0 1 0 3 1 2 1 4 2 5 3 4 3 6 4 5 4 7 5 8 6 7 6 9 7 8 7 10 8 11 9 10 9 12 10 11 10 13 11 14 12 13 12 15 13 14 13 16 14 17 15 16 15 18 16 17 16 19 17 20 18 19 19 20 
0 21 1 14 2 7 30 18 31 12 32 6 45 15 46 10 47 5 55 12 56 8 57 4 62 9 63 6 64 3 68 6 69 4 70 2 73 3 74 2 
76 28 1 0
0 0 0 1 0 2 0 3 1 0 1 1 1 2 1 3 2 0 2 1 2 2 2 3 3 0 3 1 3 2 3 3 4 0 4 1 4 2 4 3 5 0 5 1 5 2 5 3 6 0 6 1 6 2 6 3 
0 1 0 4 1 2 1 5 2 3 2 6 3 7 4 5 4 8 5 6 5 9 6 7 6 10 7 11 8 9 8 12 9 10 9 13 10 11 10 14 11 15 12 13 12 16 13 14 13 17 14 15 14 18 15 19 16 17 16 20 17 18 17 21 18 19 18 22 19 23 20 21 20 24 21 22 21 25 22 23 22 26 23 27 24 25 25 26 26 27 
0 28 1 21 2 14 3 7 30 24 31 18 32 12 33 6 45 20 46 15 47 10 48 5 55 16 56 12 57 8 58 4 62 12 63 9 64 6 65 3 68 8 69 6 70 4 71 2 73 4 74 3 75 2 
77 8 1 0
0 0 1 0 2 0 3 0 4 0 5 0 6 0 7 0 
0 1 1 2 2 3 3 4 4 5 5 6 6 7 
0 8 30 7 45 6 55 5 62 4 68 3 73 2 
78 16 1 0
0 0 0 1 1 0 1 1 2 0 2 1 3 0 3 1 4 0 4 1 5 0 5 1 6 0 6 1 7 0 7 1 
0 1 0 2 1 3 2 3 2 4 3 5 4 5 4 6 5 7 6 7 6 8 7 9 8 9 8 10 9 11 10 11 10 12 11 13 12 13 12 14 13 15 14 15 
0 16 1 8 30 14 31 7 45 12 46 6 55 10 56 5 62 8 63 4 68 6 69 3 73 4 74 2 77 2 
79 24 1 0
0 0 0 1 0 2 1 0 1 1 1 2 2 0 2 1 2 2 3 0 3 1 3 2 4 0 4 1 4 2 5 0 5 1 5 2 6 0 6 1 6 2 7 0 7 1 7 2 
0 1 0 3 1 2 1 4 2 5 3 4 3 6 4 5 4 7 5 8 6 7 6 9 7 8 7 10 8 11 9 10 9 12 10 11 10 13 11 14 12 13 12 15 13 14 13 16 14 17 15 16 15 18 16 17 16 19 17 20 18 19 18 21 19 20 19 22 20 23 21 22 22 23 
0 24 1 16 2 8 30 21 31 14 32 7 45 18 46 12 47 6 55 15 56 10 57 5 62 12 63 8 64 4 68 9 69 6 70 3 73 6 74 4 75 2 77 3 78 2 
80 9 1 0
0 0 1 0 2 0 3 0 4 0 5 0 6 0 7 0 8 0 
0 1 1 2 2 3 3 4 4 5 5 6 6 7 7 8 
0 9 30 8 45 7 55 6 62 5 68 4 73 3 77 2 
81 18 1 0
0 0 0 1 1 0 1 1 2 0 2 1 3 0 3 1 4 0 4 1 5 0 5 1 6 0 6 1 7 0 7 1 8 0 8 1 
0 1 0 2 1 3 2 3 2 4 3 5 4 5 4 6 5 7 6 7 6 8 7 9 8 9 8 10 9 11 10 11 10 12 11 13 12 13 12 14 13 15 14 15 14 16 15 17 16 17 
0 18 1 9 30 16 31 8 45 14 46 7 55 12 56 6 62 10 63 5 68 8 69 4 73 6 74 3 77 4 78 2 80 2 
82 27 1 0
0 0 0 1 0 2 1 0 1 1 1 2 2 0 2 1 2 2 3 0 3 1 3 2 4 0 4 1 4 2 5 0 5 1 5 2 6 0 6 1 6 2 7 0 7 1 7 2 8 0 8 1 8 2 
0 1 0 3 1 2 1 4 2 5 3 4 3 6 4 5 4 7 5 8 6 7 6 9 7 8 7 10 8 11 9 10 9 12 10 11 10 13 11 14 12 13 12 15 13 14 13 16 14 17 15 16 15 18 16 17 16 19 17 20 18 19 18 21 19 20 19 22 20 23 21 22 21 24 22 23 22 25 23 26 24 25 25 26 
0 27 1 18 2 9 30 24 31 16 32 8 45 21 46 14 47 7 55 18 56 12 57 6 62 15 63 10 64 5 68 12 69 8 70 4 73 9 74 6 75 3 77 6 78 4 79 2 80 3 81 2 
83 10 1 0
0 0 1 0 2 0 3 0 4 0 5 0 6 0 7 0 8 0 9 0 
0 1 1 2 2 3 3 4 4 5 5 6 6 7 7 8 8 9 
0 10 30 9 45 8 55 7 62 6 68 5 73 4 77 3 80 2 
84 20 1 0
0 0 0 1 1 0 1 1 2 0 2 1 3 0 3 1 4 0 4 1 5 0 5 1 6 0 6 1 7 0 7 1 8 0 8 1 9 0 9 1 
0 1 0 2 1 3 2 3 2 4 3 5 4 5 4 6 5 7 6 7 6 8 7 9 8 9 8 10 9 11 10 11 10 12 11 13 12 13 12 14 13 15 14 15 14 16 15 17 16 17 16 18 17 19 18 19 
0 20 1 10 30 18 31 9 45 16 46 8 55 14 56 7 62 12 63 6 68 10 69 5 73 8 74 4 77 6 78 3 80 4 81 2 83 2 
85 30 1 0
0 0 0 1 0 2 1 0 1 1 1 2 2 0 2 1 2 2 3 0 3 1 3 2 4 0 4 1 4 2 5 0 5 1 5 2 6 0 6 1 6 2 7 0 7 1 7 2 8 0 8 1 8 2 9 0 9 1 9 2 
0 1 0 3 1 2 1 4 2 5 3 4 3 6 4 5 4 7 5 8 6 7 6 9 7 8 7 10 8 11 9 10 9 12 10 11 10 13 11 14 12 13 12 15 13 14 13 16 14 17 15 16 15 18 16 17 16 19 17 20 18 19 18 21 19 20 19 22 20 23 21 22 21 24 22 23 22 25 23 26 24 25 24 27 25 26 25 28 26 29 27 28 28 29 
0 30 1 20 2 10 30 27 31 18 32 9 45 24 46 16 47 8 55 21 56 14 57 7 62 18 63 12 64 6 68 15 69 10 70 5 73 12 74 8 75 4 77 9 78 6 79 3 80 6 81 4 82 2 83 3 84 2 
86 11 1 0
0 0 1 0 2 0 3 0 4 0 5 0 6 0 7 0 8 0 9 0 10 0 
0 1 1 2 2 3 3 4 4 5 5 6 6 7 7 8 8 9 9 10 
0 11 30 10 45 9 55 8 62 7 68 6 73 5 77 4 80 3 83 2 
87 22 1 0
0 0 0 1 1 0 1 1 2 0 2 1 3 0 3 1 4 0 4 1 5 0 5 1 6 0 6 1 7 0 7 1 8 0 8 1 9 0 9 1 10 0 10 1 
0 1 0 2 1 3 2 3 2 4 3 5 4 5 4 6 5 7 6 7 6 8 7 9 8 9 8 10 9 11 10 11 10 12 11 13 12 13 12 14 13 15 14 15 14 16 15 17 16 17 16 18 17 19 18 19 18 20 19 21 20 21 
0 22 1 11 30 20 31 10 45 18 46 9 55 16 56 8 62 14 63 7 68 12 69 6 73 10 74 5 77 8 78 4 80 6 81 3 83 4 84 2 86 2 
88 12 1 0
0 0 1 0 2 0 3 0 4 0 5 0 6 0 7 0 8 0 9 0 10 0 11 0 
0 1 1 2 2 3 3 4 4 5 5 6 6 7 7 8 8 9 9 10 10 11 
0 12 30 11 45 10 55 9 62 8 68 7 73 6 77 5 80 4 83 3 86 2 
89 24 1 0
0 0 0 1 1 0 1 1 2 0 2 1 3 0 3 1 4 0 4 1 5 0 5 1 6 0 6 1 7 0 7 1 8 0 8 1 9 0 9 1 10 0 10 1 11 0 11 1 
0 1 0 2 1 3 2 3 2 4 3 5 4 5 4 6 5 7 6 7 6 8 7 9 8 9 8 10 9 11 10 11 10 12 11 13 12 13 12 14 13 15 14 15 14 16 15 17 16 17 16 18 17 19 18 19 18 20 19 21 20 21 20 22 21 23 22 23 
0 24 1 12 30 22 31 11 45 20 46 10 55 18 56 9 62 16 63 8 68 14 69 7 73 12 74 6 77 10 78 5 80 8 81 4 83 6 84 3 86 4 87 2 88 2 
90 13 1 0
0 0 1 0 2 0 3 0 4 0 5 0 6 0 7 0 8 0 9 0 10 0 11 0 12 0 
0 1 1 2 2 3 3 4 4 5 5 6 6 7 7 8 8 9 9 10 10 11 11 12 
0 13 30 12 45 11 55 10 62 9 68 8 73 7 77 6 80 5 83 4 86 3 88 2 
91 26 1 0
0 0 0 1 1 0 1 1 2 0 2 1 3 0 3 1 4 0 4 1 5 0 5 1 6 0 6 1 7 0 7 1 8 0 8 1 9 0 9 1 10 0 10 1 11 0 11 1 12 0 12 1 
0 1 0 2 1 3 2 3 2 4 3 5 4 5 4 6 5 7 6 7 6 8 7 9 8 9 8 10 9 11 10 11 10 12 11 13 12 13 12 14 13 15 14 15 14 16 15 17 16 17 16 18 17 19 18 19 18 20 19 21 20 21 20 22 21 23 22 23 22 24 23 25 24 25 
0 26 1 13 30 24 31 12 45 22 46 11 55 20 56 10 62 18 63 9 68 16 69 8 73 14 74 7 77 12 78 6 80 10 81 5 83 8 84 4 86 6 87 3 88 4 89 2 90 2 
92 14 1 0
0 0 1 0 2 0 3 0 4 0 5 0 6 0 7 0 8 0 9 0 10 0 11 0 12 0 13 0 
0 1 1 2 2 3 3 4 4 5 5 6 6 7 7 8 8 9 9 10 10 11 11 12 12 13 
0 14 30 13 45 12 55 11 62 10 68 9 73 8 77 7 80 6 83 5 86 4 88 3 90 2 
93 28 1 0
0 0 0 1 1 0 1 1 2 0 2 1 3 0 3 1 4 0 4 1 5 0 5 1 6 0 6 1 7 0 7 1 8 0 8 1 9 0 9 1 10 0 10 1 11 0 11 1 12 0 12 1 13 0 13 1 
0 1 0 2 1 3 2 3 2 4 3 5 4 5 4 6 5 7 6 7 6 8 7 9 8 9 8 10 9 11 10 11 10 12 11 13 12 13 12 14 13 15 14 15 14 16 15 17 16 17 16 18 17 19 18 19 18 20 19 21 20 21 20 22 21 23 22 23 22 24 23 25 24 25 24 26 25 27 26 27 
0 28 1 14 30 26 31 13 45 24 46 12 55 22 56 11 62 20 63 10 68 18 69 9 73 16 74 8 77 14 78 7 80 12 81 6 83 10 84 5 86 8 87 4 88 6 89 3 90 4 91 2 92 2 
94 15 1 0
0 0 1 0 2 0 3 0 4 0 5 0 6 0 7 0 8 0 9 0 10 0 11 0 12 0 13 0 14 0 
0 1 1 2 2 3 3 4 4 5 5 6 6 7 7 8 8 9 9 10 10 11 11 12 12 13 13 14 
0 15 30 14 45 13 55 12 62 11 68 10 73 9 77 8 80 7 83 6 86 5 88 4 90 3 92 2 
95 30 1 0
0 0 0 1 1 0 1 1 2 0 2 1 3 0 3 1 4 0 4 1 5 0 5 1 6 0 6 1 7 0 7 1 8 0 8 1 9 0 9 1 10 0 10 1 11 0 11 1 12 0 12 1 13 0 13 1 14 0 14 1 
0 1 0 2 1 3 2 3 2 4 3 5 4 5 4 6 5 7 6 7 6 8 7 9 8 9 8 10 9 11 10 11 10 12 11 13 12 13 12 14 13 15 14 15 14 16 15 17 16 17 16 18 17 19 18 19 18 20 19 21 20 21 20 22 21 23 22 23 22 24 23 25 24 25 24 26 25 27 26 27 26 28 27 29 28 29 
0 30 1 15 30 28 31 14 45 26 46 13 55 24 56 12 62 22 63 11 68 20 69 10 73 18 74 9 77 16 78 8 80 14 81 7 83 12 84 6 86 10 87 5 88 8 89 4 90 6 91 3 92 4 93 2 94 2 
96 16 1 0
0 0 1 0 2 0 3 0 4 0 5 0 6 0 7 0 8 0 9 0 10 0 11 0 12 0 13 0 14 0 15 0 
0 1 1 2 2 3 3 4 4 5 5 6 6 7 7 8 8 9 9 10 10 11 11 12 12 13 13 14 14 15 
0 16 30 15 45 14 55 13 62 12 68 11 73 10 77 9 80 8 83 7 86 6 88 5 90 4 92 3 94 2 
97 17 1 0
0 0 1 0 2 0 3 0 4 0 5 0 6 0 7 0 8 0 9 0 10 0 11 0 12 0 13 0 14 0 15 0 16 0 
0 1 1 2 2 3 3 4 4 5 5 6 6 7 7 8 8 9 9 10 10 11 11 12 12 13 13 14 14 15 15 16 
0 17 30 16 45 15 55 14 62 13 68 12 73 11 77 10 80 9 83 8 86 7 88 6 90 5 92 4 94 3 96 2 
98 18 1 0
0 0 1 0 2 0 3 0 4 0 5 0 6 0 7 0 8 0 9 0 10 0 11 0 12 0 13 0 14 0 15 0 16 0 17 0 
0 1 1 2 2 3 3 4 4 5 5 6 6 7 7 8 8 9 9 10 10 11 11 12 12 13 13 14 14 15 15 16 16 17 
0 18 30 17 45 16 55 15 62 14 68 13 73 12 77 11 80 10 83 9 86 8 88 7 90 6 92 5 94 4 96 3 97 2 
99 19 1 0
0 0 1 0 2 0 3 0 4 0 5 0 6 0 7 0 8 0 9 0 10 0 11 0 12 0 13 0 14 0 15 0 16 0 17 0 18 0 
0 1 1 2 2 3 3 4 4 5 5 6 6 7 7 8 8 9 9 10 10 11 11 12 12 13 13 14 14 15 15 16 16 17 17 18 
0 19 30 18 45 17 55 16 62 15 68 14 73 13 77 12 80 11 83 10 86 9 88 8 90 7 92 6 94 5 96 4 97 3 98 2 
100 20 1 0
0 0 1 0 2 0 3 0 4 0 5 0 6 0 7 0 8 0 9 0 10 0 11 0 12 0 13 0 14 0 15 0 16 0 17 0 18 0 19 0 
0 1 1 2 2 3 3 4 4 5 5 6 6 7 7 8 8 9 9 10 10 11 11 12 12 13 13 14 14 15 15 16 16 17 17 18 18 19 
0 20 30 19 45 18 55 17 62 16 68 15 73 14 77 13 80 12 83 11 86 10 88 9 90 8 92 7 94 6 96 5 97 4 98 3 99 2 
101 21 1 0
0 0 1 0 2 0 3 0 4 0 5 0 6 0 7 0 8 0 9 0 10 0 11 0 12 0 13 0 14 0 15 0 16 0 17 0 18 0 19 0 20 0 
0 1 1 2 2 3 3 4 4 5 5 6 6 7 7 8 8 9 9 10 10 11 11 12 12 13 13 14 14 15 15 16 16 17 17 18 18 19 19 20 
0 21 30 20 45 19 55 18 62 17 68 16 73 15 77 14 80 13 83 12 86 11 88 10 90 9 92 8 94 7 96 6 97 5 98 4 99 3 100 2 
102 22 1 0
0 0 1 0 2 0 3 0 4 0 5 0 6 0 7 0 8 0 9 0 10 0 11 0 12 0 13 0 14 0 15 0 16 0 17 0 18 0 19 0 20 0 21 0 
0 1 1 2 2 3 3 4 4 5 5 6 6 7 7 8 8 9 9 10 10 11 11 12 12 13 13 14 14 15 15 16 16 17 17 18 18 19 19 20 20 21 
0 22 30 21 45 20 55 19 62 18 68 17 73 16 77 15 80 14 83 13 86 12 88 11 90 10 92 9 94 8 96 7 97 6 98 5 99 4 100 3 101 2 
103 23 1 0
0 0 1 0 2 0 3 0 4 0 5 0 6 0 7 0 8 0 9 0 10 0 11 0 12 0 13 0 14 0 15 0 16 0 17 0 18 0 19 0 20 0 21 0 22 0 
0 1 1 2 2 3 3 4 4 5 5 6 6 7 7 8 8 9 9 10 10 11 11 12 12 13 13 14 14 15 15 16 16 17 17 18 18 19 19 20 20 21 21 22 
0 23 30 22 45 21 55 20 62 19 68 18 73 17 77 16 80 15 83 14 86 13 88 12 90 11 92 10 94 9 96 8 97 7 98 6 99 5 100 4 101 3 102 2 
104 24 1 0
0 0 1 0 2 0 3 0 4 0 5 0 6 0 7 0 8 0 9 0 10 0 11 0 12 0 13 0 14 0 15 0 16 0 17 0 18 0 19 0 20 0 21 0 22 0 23 0 
0 1 1 2 2 3 3 4 4 5 5 6 6 7 7 8 8 9 9 10 10 11 11 12 12 13 13 14 14 15 15 16 16 17 17 18 18 19 19 20 20 21 21 22 22 23 
0 24 30 23 45 22 55 21 62 20 68 19 73 18 77 17 80 16 83 15 86 14 88 13 90 12 92 11 94 10 96 9 97 8 98 7 99 6 100 5 101 4 102 3 103 2 
105 25 1 0
0 0 1 0 2 0 3 0 4 0 5 0 6 0 7 0 8 0 9 0 10 0 11 0 12 0 13 0 14 0 15 0 16 0 17 0 18 0 19 0 20 0 21 0 22 0 23 0 24 0 
0 1 1 2 2 3 3 4 4 5 5 6 6 7 7 8 8 9 9 10 10 11 11 12 12 13 13 14 14 15 15 16 16 17 17 18 18 19 19 20 20 21 21 22 22 23 23 24 
0 25 30 24 45 23 55 22 62 21 68 20 73 19 77 18 80 17 83 16 86 15 88 14 90 13 92 12 94 11 96 10 97 9 98 8 99 7 100 6 101 5 102 4 103 3 104 2 
106 26 1 0
0 0 1 0 2 0 3 0 4 0 5 0 6 0 7 0 8 0 9 0 10 0 11 0 12 0 13 0 14 0 15 0 16 0 17 0 18 0 19 0 20 0 21 0 22 0 23 0 24 0 25 0 
0 1 1 2 2 3 3 4 4 5 5 6 6 7 7 8 8 9 9 10 10 11 11 12 12 13 13 14 14 15 15 16 16 17 17 18 18 19 19 20 20 21 21 22 22 23 23 24 24 25 
0 26 30 25 45 24 55 23 62 22 68 21 73 20 77 19 80 18 83 17 86 16 88 15 90 14 92 13 94 12 96 11 97 10 98 9 99 8 100 7 101 6 102 5 103 4 104 3 105 2 
107 27 1 0
0 0 1 0 2 0 3 0 4 0 5 0 6 0 7 0 8 0 9 0 10 0 11 0 12 0 13 0 14 0 15 0 16 0 17 0 18 0 19 0 20 0 21 0 22 0 23 0 24 0 25 0 26 0 
0 1 1 2 2 3 3 4 4 5 5 6 6 7 7 8 8 9 9 10 10 11 11 12 12 13 13 14 14 15 15 16 16 17 17 18 18 19 19 20 20 21 21 22 22 23 23 24 24 25 25 26 
0 27 30 26 45 25 55 24 62 23 68 22 73 21 77 20 80 19 83 18 86 17 88 16 90 15 92 14 94 13 96 12 97 11 98 10 99 9 100 8 101 7 102 6 103 5 104 4 105 3 106 2 
108 28 1 0
0 0 1 0 2 0 3 0 4 0 5 0 6 0 7 0 8 0 9 0 10 0 11 0 12 0 13 0 14 0 15 0 16 0 17 0 18 0 19 0 20 0 21 0 22 0 23 0 24 0 25 0 26 0 27 0 
0 1 1 2 2 3 3 4 4 5 5 6 6 7 7 8 8 9 9 10 10 11 11 12 12 13 13 14 14 15 15 16 16 17 17 18 18 19 19 20 20 21 21 22 22 23 23 24 24 25 25 26 26 27 
0 28 30 27 45 26 55 25 62 24 68 23 73 22 77 21 80 20 83 19 86 18 88 17 90 16 92 15 94 14 96 13 97 12 98 11 99 10 100 9 101 8 102 7 103 6 104 5 105 4 106 3 107 2 
109 29 1 0
0 0 1 0 2 0 3 0 4 0 5 0 6 0 7 0 8 0 9 0 10 0 11 0 12 0 13 0 14 0 15 0 16 0 17 0 18 0 19 0 20 0 21 0 22 0 23 0 24 0 25 0 26 0 27 0 28 0 
0 1 1 2 2 3 3 4 4 5 5 6 6 7 7 8 8 9 9 10 10 11 11 12 12 13 13 14 14 15 15 16 16 17 17 18 18 19 19 20 20 21 21 22 22 23 23 24 24 25 25 26 26 27 27 28 
0 29 30 28 45 27 55 26 62 25 68 24 73 23 77 22 80 21 83 20 86 19 88 18 90 17 92 16 94 15 96 14 97 13 98 12 99 11 100 10 101 9 102 8 103 7 104 6 105 5 106 4 107 3 108 2 
110 30 1 0
0 0 1 0 2 0 3 0 4 0 5 0 6 0 7 0 8 0 9 0 10 0 11 0 12 0 13 0 14 0 15 0 16 0 17 0 18 0 19 0 20 0 21 0 22 0 23 0 24 0 25 0 26 0 27 0 28 0 29 0 
0 1 1 2 2 3 3 4 4 5 5 6 6 7 7 8 8 9 9 10 10 11 11 12 12 13 13 14 14 15 15 16 16 17 17 18 18 19 19 20 20 21 21 22 22 23 23 24 24 25 25 26 26 27 27 28 28 29 
0 30 30 29 45 28 55 27 62 26 68 25 73 24 77 23 80 22 83 21 86 20 88 19 90 18 92 17 94 16 96 15 97 14 98 13 99 12 100 11 101 10 102 9 103 8 104 7 105 6 106 5 107 4 108 3 109 2 
