0 1 1 0
0 0 


1 2 1 0
0 0 0 1 
0 1 
0 2 
2 3 1 0
0 0 0 1 0 2 
0 1 1 2 
0 3 1 2 
3 4 1 0
0 0 0 1 0 2 0 3 
0 1 1 2 2 3 
0 4 1 3 2 2 
4 5 1 0
0 0 0 1 0 2 0 3 0 4 
0 1 1 2 2 3 3 4 
0 5 1 4 2 3 3 2 
5 6 1 0
0 0 0 1 0 2 0 3 0 4 0 5 
0 1 1 2 2 3 3 4 4 5 
0 6 1 5 2 4 3 3 4 2 
6 7 1 0
0 0 0 1 0 2 0 3 0 4 0 5 0 6 
0 1 1 2 2 3 3 4 4 5 5 6 
0 7 1 6 2 5 3 4 4 3 5 2 
7 8 1 0
0 0 0 1 0 2 0 3 0 4 0 5 0 6 0 7 
0 1 1 2 2 3 3 4 4 5 5 6 6 7 
0 8 1 7 2 6 3 5 4 4 5 3 6 2 
8 9 1 0
0 0 0 1 0 2 0 3 0 4 0 5 0 6 0 7 0 8 
0 1 1 2 2 3 3 4 4 5 5 6 6 7 7 8 
0 9 1 8 2 7 3 6 4 5 5 4 6 3 7 2 
9 10 1 0
0 0 0 1 0 2 0 3 0 4 0 5 0 6 0 7 0 8 0 9 
0 1 1 2 2 3 3 4 4 5 5 6 6 7 7 8 8 9 
0 10 1 9 2 8 3 7 4 6 5 5 6 4 7 3 8 2 
10 11 1 0
0 0 0 1 0 2 0 3 0 4 0 5 0 6 0 7 0 8 0 9 0 10 
0 1 1 2 2 3 3 4 4 5 5 6 6 7 7 8 8 9 9 10 
0 11 1 10 2 9 3 8 4 7 5 6 6 5 7 4 8 3 9 2 
11 12 1 0
0 0 0 1 0 2 0 3 0 4 0 5 0 6 0 7 0 8 0 9 0 10 0 11 
0 1 1 2 2 3 3 4 4 5 5 6 6 7 7 8 8 9 9 10 10 11 
0 12 1 11 2 10 3 9 4 8 5 7 6 6 7 5 8 4 9 3 10 2 
12 13 1 0
0 0 0 1 0 2 0 3 0 4 0 5 0 6 0 7 0 8 0 9 0 10 0 11 0 12 
0 1 1 2 2 3 3 4 4 5 5 6 6 7 7 8 8 9 9 10 10 11 11 12 
0 13 1 12 2 11 3 10 4 9 5 8 6 7 7 6 8 5 9 4 10 3 11 2 
13 14 1 0
0 0 0 1 0 2 0 3 0 4 0 5 0 6 0 7 0 8 0 9 0 10 0 11 0 12 0 13 
0 1 1 2 2 3 3 4 4 5 5 6 6 7 7 8 8 9 9 10 10 11 11 12 12 13 
0 14 1 13 2 12 3 11 4 10 5 9 6 8 7 7 8 6 9 5 10 4 11 3 12 2 
14 15 1 0
0 0 0 1 0 2 0 3 0 4 0 5 0 6 0 7 0 8 0 9 0 10 0 11 0 12 0 13 0 14 
0 1 1 2 2 3 3 4 4 5 5 6 6 7 7 8 8 9 9 10 10 11 11 12 12 13 13 14 
0 15 1 14 2 13 3 12 4 11 5 10 6 9 7 8 8 7 9 6 10 5 11 4 12 3 13 2 
15 16 1 0
0 0 0 1 0 2 0 3 0 4 0 5 0 6 0 7 0 8 0 9 0 10 0 11 0 12 0 13 0 14 0 15 
0 1 1 2 2 3 3 4 4 5 5 6 6 7 7 8 8 9 9 10 10 11 11 12 12 13 13 14 14 15 
0 16 1 15 2 14 3 13 4 12 5 11 6 10 7 9 8 8 9 7 10 6 11 5 12 4 13 3 14 2 
16 2 1 0
0 0 1 0 
0 1 
0 2 
17 4 1 0
0 0 0 1 1 0 1 1 
0 1 0 2 1 3 2 3 
0 4 1 2 16 2 
18 6 1 0
0 0 0 1 0 2 1 0 1 1 1 2 
0 1 0 3 1 2 1 4 2 5 3 4 4 5 
0 6 1 4 2 2 16 3 17 2 
19 8 1 0
0 0 0 1 0 2 0 3 1 0 1 1 1 2 1 3 
0 1 0 4 1 2 1 5 2 3 2 6 3 7 4 5 5 6 6 7 
0 8 1 6 2 4 3 2 16 4 17 3 18 2 
20 10 1 0
0 0 0 1 0 2 0 3 0 4 1 0 1 1 1 2 1 3 1 4 
0 1 0 5 1 2 1 6 2 3 2 7 3 4 3 8 4 9 5 6 6 7 7 8 8 9 
0 10 1 8 2 6 3 4 4 2 16 5 17 4 18 3 19 2 
21 12 1 0
0 0 0 1 0 2 0 3 0 4 0 5 1 0 1 1 1 2 1 3 1 4 1 5 
0 1 0 6 1 2 1 7 2 3 2 8 3 4 3 9 4 5 4 10 5 11 6 7 7 8 8 9 9 10 10 11 
0 12 1 10 2 8 3 6 4 4 5 2 16 6 17 5 18 4 19 3 20 2 
22 14 1 0
0 0 0 1 0 2 0 3 0 4 0 5 0 6 1 0 1 1 1 2 1 3 1 4 1 5 1 6 
0 1 0 7 1 2 1 8 2 3 2 9 3 4 3 10 4 5 4 11 5 6 5 12 6 13 7 8 8 9 9 10 10 11 11 12 12 13 
0 14 1 12 2 10 3 8 4 6 5 4 6 2 16 7 17 6 18 5 19 4 20 3 21 2 
23 16 1 0
0 0 0 1 0 2 0 3 0 4 0 5 0 6 0 7 1 0 1 1 1 2 1 3 1 4 1 5 1 6 1 7 
0 1 0 8 1 2 1 9 2 3 2 10 3 4 3 11 4 5 4 12 5 6 5 13 6 7 6 14 7 15 8 9 9 10 10 11 11 12 12 13 13 14 14 15 
0 16 1 14 2 12 3 10 4 8 5 6 6 4 7 2 16 8 17 7 18 6 19 5 20 4 21 3 22 2 
24 3 1 0
0 0 1 0 2 0 
0 1 1 2 
0 3 16 2 
25 6 1 0
0 0 0 1 1 0 1 1 2 0 2 1 
0 1 0 2 1 3 2 3 2 4 3 5 4 5 
0 6 1 3 16 4 17 2 24 2 
26 9 1 0
0 0 0 1 0 2 1 0 1 1 1 2 2 0 2 1 2 2 
0 1 0 3 1 2 1 4 2 5 3 4 3 6 4 5 4 7 5 8 6 7 7 8 
0 9 1 6 2 3 16 6 17 4 18 2 24 3 25 2 
27 12 1 0
0 0 0 1 0 2 0 3 1 0 1 1 1 2 1 3 2 0 2 1 2 2 2 3 
0 1 0 4 1 2 1 5 2 3 2 6 3 7 4 5 4 8 5 6 5 9 6 7 6 10 7 11 8 9 9 10 10 11 
0 12 1 9 2 6 3 3 16 8 17 6 18 4 19 2 24 4 25 3 26 2 
28 15 1 0
0 0 0 1 0 2 0 3 0 4 1 0 1 1 1 2 1 3 1 4 2 0 2 1 2 2 2 3 2 4 
0 1 0 5 1 2 1 6 2 3 2 7 3 4 3 8 4 9 5 6 5 10 6 7 6 11 7 8 7 12 8 9 8 13 9 14 10 11 11 12 12 13 13 14 
0 15 1 12 2 9 3 6 4 3 16 10 17 8 18 6 19 4 20 2 24 5 25 4 26 3 27 2 
29 4 1 0
0 0 1 0 2 0 3 0 
0 1 1 2 2 3 
0 4 16 3 24 2 
30 8 1 0
0 0 0 1 1 0 1 1 2 0 2 1 3 0 3 1 
0 1 0 2 1 3 2 3 2 4 3 5 4 5 4 6 5 7 6 7 
0 8 1 4 16 6 17 3 24 4 25 2 29 2 
31 12 1 0
0 0 0 1 0 2 1 0 1 1 1 2 2 0 2 1 2 2 3 0 3 1 3 2 
0 1 0 3 1 2 1 4 2 5 3 4 3 6 4 5 4 7 5 8 6 7 6 9 7 8 7 10 8 11 9 10 10 11 
0 12 1 8 2 4 16 9 17 6 18 3 24 6 25 4 26 2 29 3 30 2 
32 16 1 0
0 0 0 1 0 2 0 3 1 0 1 1 1 2 1 3 2 0 2 1 2 2 2 3 3 0 3 1 3 2 3 3 
0 1 0 4 1 2 1 5 2 3 2 6 3 7 4 5 4 8 5 6 5 9 6 7 6 10 7 11 8 9 8 12 9 10 9 13 10 11 10 14 11 15 12 13 13 14 14 15 
0 16 1 12 2 8 3 4 16 12 17 9 18 6 19 3 24 8 25 6 26 4 27 2 29 4 30 3 31 2 
33 5 1 0
0 0 1 0 2 0 3 0 4 0 
0 1 1 2 2 3 3 4 
0 5 16 4 24 3 29 2 
34 10 1 0
0 0 0 1 1 0 1 1 2 0 2 1 3 0 3 1 4 0 4 1 
0 1 0 2 1 3 2 3 2 4 3 5 4 5 4 6 5 7 6 7 6 8 7 9 8 9 
0 10 1 5 16 8 17 4 24 6 25 3 29 4 30 2 33 2 
35 15 1 0
0 0 0 1 0 2 1 0 1 1 1 2 2 0 2 1 2 2 3 0 3 1 3 2 4 0 4 1 4 2 
0 1 0 3 1 2 1 4 2 5 3 4 3 6 4 5 4 7 5 8 6 7 6 9 7 8 7 10 8 11 9 10 9 12 10 11 10 13 11 14 12 13 13 14 
0 15 1 10 2 5 16 12 17 8 18 4 24 9 25 6 26 3 29 6 30 4 31 2 33 3 34 2 
36 6 1 0
0 0 1 0 2 0 3 0 4 0 5 0 
0 1 1 2 2 3 3 4 4 5 
0 6 16 5 24 4 29 3 33 2 
37 12 1 0
0 0 0 1 1 0 1 1 2 0 2 1 3 0 3 1 4 0 4 1 5 0 5 1 
0 1 0 2 1 3 2 3 2 4 3 5 4 5 4 6 5 7 6 7 6 8 7 9 8 9 8 10 9 11 10 11 
0 12 1 6 16 10 17 5 24 8 25 4 29 6 30 3 33 4 34 2 36 2 
38 7 1 0
0 0 1 0 2 0 3 0 4 0 5 0 6 0 
0 1 1 2 2 3 3 4 4 5 5 6 
0 7 16 6 24 5 29 4 33 3 36 2 
39 14 1 0
0 0 0 1 1 0 1 1 2 0 2 1 3 0 3 1 4 0 4 1 5 0 5 1 6 0 6 1 
0 1 0 2 1 3 2 3 2 4 3 5 4 5 4 6 5 7 6 7 6 8 7 9 8 9 8 10 9 11 10 11 10 12 11 13 12 13 
0 14 1 7 16 12 17 6 24 10 25 5 29 8 30 4 33 6 34 3 36 4 37 2 38 2 
40 8 1 0
0 0 1 0 2 0 3 0 4 0 5 0 6 0 7 0 
0 1 1 2 2 3 3 4 4 5 5 6 6 7 
0 8 16 7 24 6 29 5 33 4 36 3 38 2 
41 16 1 0
0 0 0 1 1 0 1 1 2 0 2 1 3 0 3 1 4 0 4 1 5 0 5 1 6 0 6 1 7 0 7 1 
0 1 0 2 1 3 2 3 2 4 3 5 4 5 4 6 5 7 6 7 6 8 7 9 8 9 8 10 9 11 10 11 10 12 11 13 12 13 12 14 13 15 14 15 
0 16 1 8 16 14 17 7 24 12 25 6 29 10 30 5 33 8 34 4 36 6 37 3 38 4 39 2 40 2 
42 9 1 0
0 0 1 0 2 0 3 0 4 0 5 0 6 0 7 0 8 0 
0 1 1 2 2 3 3 4 4 5 5 6 6 7 7 8 
0 9 16 8 24 7 29 6 33 5 36 4 38 3 40 2 
43 10 1 0
0 0 1 0 2 0 3 0 4 0 5 0 6 0 7 0 8 0 9 0 
0 1 1 2 2 3 3 4 4 5 5 6 6 7 7 8 8 9 
0 10 16 9 24 8 29 7 33 6 36 5 38 4 40 3 42 2 
44 11 1 0
0 0 1 0 2 0 3 0 4 0 5 0 6 0 7 0 8 0 9 0 10 0 
0 1 1 2 2 3 3 4 4 5 5 6 6 7 7 8 8 9 9 10 
0 11 16 10 24 9 29 8 33 7 36 6 38 5 40 4 42 3 43 2 
45 12 1 0
0 0 1 0 2 0 3 0 4 0 5 0 6 0 7 0 8 0 9 0 10 0 11 0 
0 1 1 2 2 3 3 4 4 5 5 6 6 7 7 8 8 9 9 10 10 11 
0 12 16 11 24 10 29 9 33 8 36 7 38 6 40 5 42 4 43 3 44 2 
46 13 1 0
0 0 1 0 2 0 3 0 4 0 5 0 6 0 7 0 8 0 9 0 10 0 11 0 12 0 
0 1 1 2 2 3 3 4 4 5 5 6 6 7 7 8 8 9 9 10 10 11 11 12 
0 13 16 12 24 11 29 10 33 9 36 8 38 7 40 6 42 5 43 4 44 3 45 2 
47 14 1 0
0 0 1 0 2 0 3 0 4 0 5 0 6 0 7 0 8 0 9 0 10 0 11 0 12 0 13 0 
0 1 1 2 2 3 3 4 4 5 5 6 6 7 7 8 8 9 9 10 10 11 11 12 12 13 
0 14 16 13 24 12 29 11 33 10 36 9 38 8 40 7 42 6 43 5 44 4 45 3 46 2 
48 15 1 0
0 0 1 0 2 0 3 0 4 0 5 0 6 0 7 0 8 0 9 0 10 0 11 0 12 0 13 0 14 0 
0 1 1 2 2 3 3 4 4 5 5 6 6 7 7 8 8 9 9 10 10 11 11 12 12 13 13 14 
0 15 16 14 24 13 29 12 33 11 36 10 38 9 40 8 42 7 43 6 44 5 45 4 46 3 47 2 
49 16 1 0
0 0 1 0 2 0 3 0 4 0 5 0 6 0 7 0 8 0 9 0 10 0 11 0 12 0 13 0 14 0 15 0 
0 1 1 2 2 3 3 4 4 5 5 6 6 7 7 8 8 9 9 10 10 11 11 12 12 13 13 14 14 15 
0 16 16 15 24 14 29 13 33 12 36 11 38 10 40 9 42 8 43 7 44 6 45 5 46 4 47 3 48 2 
